-0.0913594063425337,1.00673010607049
-0.109763984284047,1.15127100839931
-0.0907785673944822,0.857865211936067
-0.021433771965367,0.902343982691025
-0.0629659044498624,1.09167593799399
0.141126547367748,1.13806260708126
-0.0232642028901387,1.09418354923677
-0.105061226625288,0.931844732054959
0.134960322893298,0.883948574104828
0.159916126118695,1.11597017410459
-0.0203766756246323,1.09495153036438
-0.1296269255198,0.923610500717106
-0.0806451013626444,0.909270234938711
-0.0304267179624826,0.940341072362984
0.0316320246695381,1.10985393479972
-0.0792627507397182,1.10739406486699
0.0342810297940277,1.02356095016063
0.070405260144561,1.02394321207628
-0.09275108866092,0.928672757499793
-0.127527449714731,1.0663778531004
-0.0677747089272244,1.09875264776053
-0.0604072326913726,0.980529685383741
-0.0252777467620643,0.982071870563741
0.00261942822037272,0.988554136121704
-0.138161400969985,0.926346395758205
-0.0791725884338891,1.0584584394722
0.100338207589913,1.13455484212118
-0.156926574145951,1.13617529961612
0.142951379826015,1.0823989813769
0.076776954285151,0.920170502361182
-0.00379700873214028,1.06321261335804
0.0261750203411463,0.877276888491837
-0.0875721400761595,0.874500277439934
-0.0137170572733563,0.896967617748164
0.154362846428971,0.881910699832097
0.0156019062463227,1.02834787175624
0.00704527693466717,0.857787230026822
-0.0894685377638254,1.10744207406177
-0.00370075202661102,1.07430099108949
0.0413533627245632,1.14195267933916
0.0597118469552492,0.99754619948726
-0.0348282614438023,1.05162763281656
-0.0441877838185078,1.13004115932056
0.162660667720544,1.01284185815634
-0.154087044586816,0.927401721519407
0.128389336067492,1.15865250595999
0.137762275879746,0.845475171841827
0.0987279578617373,0.942081524353438
-0.133762573781475,1.15767120796427
-0.0793762720430947,0.955010875101916
-0.0548810533457345,0.936383206298639
0.0599093171257793,0.873637461526876
-0.121148954214877,1.1385885680136
0.0737424995272467,0.878492735227167
-0.131079379464253,0.944039297276114
0.0512524495561865,1.13249329746663
-0.00194202112024329,0.999882925949091
0.0930172410770917,1.03842941407169
0.0716790261335647,1.02771098936288
0.134573520185439,1.06608464220914
0.130307501443596,0.843110780918121
-0.0552789824208346,1.00929422924622
0.0662486107782648,0.844024282139995
-0.100730057771357,1.10904744094544
-0.156486351231788,0.94666206882739
0.0813580867891541,1.11557031962684
7.4785300669585e-06,0.915356522368699
-0.00669261961797984,1.02716375078938
0.134907412689121,1.14589229302493
0.0366222161408528,0.849262430795022
0.0392221298628182,0.85132588639008
0.119814101882071,0.84020601137333
0.101829808176562,1.0604928380654
0.0255738385382284,1.03287617554441
-0.105692510195029,0.871343344838552
-0.0866893298104275,1.09874845024195
0.128837311025367,1.03928352904643
-0.157108615845298,0.856737841328986
-0.00336620382925871,0.856426324189334
-0.110690951439248,0.87866912954003
0.159560216547053,1.09629710655234
0.0708981572263047,0.864132819307943
0.000157208051614344,0.912622930669102
-0.00963720848602023,0.914549304205595
-0.146793710806787,0.868274070886298
0.0606573013830211,1.11945092007625
-0.152522954166419,1.06606658872652
-0.142851511799786,1.07791404442109
0.00721661415476123,1.0501768748183
-0.134423324739711,1.00542352192471
0.106049517953208,0.942129378362961
0.105849030693095,1.05392539892617
0.0741465307889474,0.872521828207252
-0.116711519174011,0.882605804727202
0.0532017509694357,0.839921554576272
0.00619831417017939,1.15476391009985
0.157658184921287,1.15679096733777
0.0496638309041187,0.87462016904894
0.100110191784134,0.989136675591487
-0.0154007637576935,1.05223133443482
-0.0225361654055128,0.930061855544289
0.108437931800682,1.0848455465721
-0.138843395047029,1.01937268378632
-0.122276330797613,0.975930865182819
-0.108870462293665,0.9223980190914
-0.0363540658920882,1.08457869137769
0.11045991427969,1.13279210833521
0.10112146386748,1.07614801131926
-0.146509606943369,0.968943378218163
-0.0335807431288081,1.14610528008457
0.00895861016943197,0.918475818312601
-0.0277335106897377,1.01105441353627
0.0522866303245691,1.15158495679212
0.0426577863967014,0.922582512146699
-0.0693386400127617,0.916694873529863
-0.0227829432504266,1.14255757341312
-0.16150429145466,0.856194116185152
0.161354574793051,0.933133462186955
-0.110943863361781,1.03052784471879
-0.131261218357112,0.901099715118779
-0.0425300866481544,1.04529439962896
-0.100627199152342,1.09945675261009
-0.0034374539946587,1.00056701745474
-0.0535021955364141,1.05027071198305
0.150543488259242,1.09865166185204
0.140110679945521,0.911124589357189
-0.149107667439736,1.03361297947826
0.0792860318389988,0.870820792794429
-0.0769601912004814,1.00525521773197
-0.0257214616637307,1.11261356362341
0.0159569670716149,1.1402633693329
0.147578994758978,0.999409309818452
-0.0274186318944459,0.925870374088129
0.161017488823285,1.0508399869161
-0.0661816837626448,1.13909960126689
0.0670329186336421,1.00327981783825
0.0554462838614752,1.1580638279342
0.0130421550142856,0.899092980699105
0.0660351733934361,0.870394994596311
0.055509304467529,0.932451431122874
-0.107289181866554,0.965472845187242
-0.123995200093276,0.973585227782831
0.16636013158712,0.937158452550151
-0.109626311214523,1.06461439031074
-0.155799726489824,0.863957277757166
0.02039993090322,0.967362873012349
0.127288833483937,0.931726934676654
0.0563917681781313,0.935498926342126
-0.103188910940015,0.868520376911758
-0.0436944846453684,1.03127586818809
-0.0130913542465295,0.927575838748253
0.160545983656917,0.8850738736465
-0.114531682591146,0.833552889195371
0.118507601948637,0.927865139026127
0.0482548456233627,1.01693695832653
-0.0412425965737228,1.12363406383456
-0.103025434921232,0.847417808444164
-0.0239156690068713,1.13490732715544
-0.00599264632271457,0.876991362121722
-0.126462795567613,1.11124298270769
0.0298358282316863,1.10015612496635
-0.0912707734157748,1.13929336399955
-0.0384602918768631,0.879101219481959
0.027662127582558,1.00157743918582
-0.0827312925092291,0.968319493372432
-0.0698531119076736,0.891190720511572
0.0390302947977411,1.02506120415595
-0.0782396967299902,1.03540597752426
0.108125422229612,0.904815246805326
0.160887799907317,1.00664408501881
0.0767495974225326,1.16306193654646
-0.052040998628339,0.996638387471132
0.0280231110928173,1.06495773706236
-0.130743661585419,0.970473942462588
0.135436050216578,0.844925580033249
0.126551241493968,0.930943851989512
0.105920186456881,1.10048057925918
-0.0797573336481785,0.948833996854359
0.0314520835547769,0.861105314941291
-0.159162469086589,1.00370212364762
-0.0249135599286217,0.955611135950762
-0.0624270377264615,1.07982650162916
-0.11283841856275,1.008246721314
-0.107077937749211,1.10150695915291
-0.0257047702999718,1.10563705968318
-0.135256887037422,0.896490493895146
0.0328412229189137,0.874564485621454
-0.00969191454722199,1.10699882633034
0.0653164377672026,1.04596587333715
0.0666292833094305,0.838706600627405
0.046176919423946,1.13198487587991
-0.155465387977857,1.00512501903999
-0.143731300293983,1.01484064611542
-0.0601334216065013,1.03548073608284
0.0102880935647088,1.08681207261339
0.0514819025856888,1.1184489572923
-0.0307936009862825,0.960956149443921
0.10666040759398,0.861549729539075
0.0727863144019612,1.07795776626042
0.156216443410365,0.943996444208144
0.0104446355218915,1.11324984495821
-0.05828477272648,0.957241102672186
-0.131456932223659,1.10940509001121
0.0369862195820669,0.89217287632052
0.0929340806080308,0.876506620344889
-0.0255156936790872,1.12662786080596
-0.136392238070854,0.848026376155899
-0.0778428364069759,1.06224000616027
-0.115447760802898,1.07792430164453
-0.0729982324887097,0.979057479081553
-0.0199716203327597,0.959946305635876
0.00904758058688408,1.15988581328219
-0.0141918781041087,0.966331140870543
0.125123866201395,0.980062304756456
0.00601736945370139,0.885602629181465
0.147874208182796,0.94201142802214
0.0459030326907247,0.938020642891155
0.152564646613861,1.13150022130142
-0.0864309881732799,0.915674726421347
0.0587074346212506,0.936893005304216
-0.0703118094418411,0.96962296934739
0.0572693884714051,1.06933696468802
0.0650468331839124,0.881212531686497
-0.144002410509996,1.12377402219101
-0.0817366144676649,0.861051965584487
-0.0919866563919271,0.98724594612271
0.0559442423379055,0.84346300788705
0.114797385509068,1.08440017756962
-0.0518458628996526,1.06668088984321
0.0935065509104526,0.904837415387997
0.0584440219156665,1.05996822850781
-0.164428228560508,1.01909756022998
0.0340568291939317,1.11689296753003
-0.0377429351596718,1.01952183060096
0.138663748043808,1.13392455468252
-0.166282980956964,0.973172568004395
-0.0125169469192238,0.952709450929679
-0.0252169867282083,0.996329172459829
-0.0130278779903453,0.91865404700073
0.0900532428695364,1.14305642299747
-0.0591760642710738,0.988918938070145
0.0949130982535805,0.918002616852315
-0.00954761542979613,0.977072815759358
-0.154745755576961,1.06751000375078
-0.108041861438823,0.967443289328867
0.0739193444637008,0.893946692888563
-0.00883800234489322,1.11875037204889
-0.115759599853923,1.02806707484553
-0.0529584643169636,0.957859594226633
0.0357964045894491,0.907231515589466
-0.102751581512734,0.906331372570611
0.0794756133256472,1.00741081434183
-0.0857168005606103,0.977807571162587
0.139141447349794,1.08043466276618
-0.0769794711046606,0.856816544109471
0.0885000055404795,1.11577781213239
-0.103779341069503,1.05996007818597
-0.0708339423112896,0.87888384063286
-0.136295512104488,1.1194673961929
0.025403126887669,0.899944708222358
0.0611210810982177,1.0357799739214
0.0155310381967743,1.0143483278848
-0.024757052709604,0.887441564010834
0.0481475938104455,0.835217689375615
0.0492058767242281,1.09049504905514
0.0596722513644007,1.08826251875178
0.0452622368380279,0.973689784120627
0.148391371036467,0.852271060324544
-0.097021692524659,1.02858233174474
0.0697605675701816,0.89138508147801
-0.0879231410020678,1.0762035535221
-0.126867917400898,1.01143034998034
0.0357679802285449,0.917688095917138
-0.0166207676780347,1.13901891609519
-0.0137581687837107,1.08606484323847
0.0539815839685506,1.129010244076
0.09009517160122,0.856266057034572
-0.049927328852965,0.89450939850928
0.0540031994530448,1.07902421819553
-0.0279471366767345,1.06557161754991
0.113976384230436,1.09233096856868
0.110972273025072,1.00063447305125
-0.0811863359236176,0.975165609334209
0.0378202456042918,1.03707904359143
0.0274163881757424,1.11859063045391
0.0135797790414699,1.05693236966007
0.123313677452669,1.00786401490372
-0.07840699117479,0.932938470035674
-0.060641974839647,1.06798969288373
-0.12692848631527,0.960536958662961
0.146609823448307,1.02256166593383
0.0485172916575078,1.12928698510374
-0.00684559168370406,1.1143164296651
0.0464389870133695,1.13293285194406
0.0149053701755876,1.14633436381552
0.0491038267643759,1.10514505197958
0.0146286446665463,0.833785942928677
0.0736822068599371,0.834363565852488
0.00749843525903404,0.862489605439584
0.164568208040284,0.92024245040144
-0.0937744558667887,0.840932890213644
-0.131400575583257,0.97469493960196
-0.130100845158935,0.947021656303076
-0.145469543008298,1.0137846444359
-0.0318066680474581,1.14205636086102
-0.0172090293111682,0.932833149019747
-0.0447279410539429,0.946028264617094
0.0878348802829378,1.11982670240226
0.0426321265380563,0.946826103588478
0.0906601285180817,0.879373467683362
0.144284523426273,1.0025996517842
0.157580284667671,1.11888549229723
-0.102657216857408,0.961437872627538
-0.120375265723615,1.06523030894292
0.0654221123609983,1.04263472593018
-0.135393324408378,0.983462718117308
0.00846813461977858,0.991205980699628
0.0101147394642878,1.14990211783451
0.120379937131111,0.861165853929777
-0.00504888881596603,0.926609640000071
-0.0355145462615779,0.982335769778235
0.0571437132246753,1.02919042133177
0.0804193144847355,1.12587804613817
0.0066841557967956,0.989700173409673
-0.0507624429074916,0.979139491900574
-0.116667582056106,1.08206164665828
0.0286973557438206,0.989303488602582
-0.0792848940907309,1.12027578368596
-0.151848635907254,0.988837337460496
0.0849777557437264,0.999368162374236
-0.0857382140596794,0.995810218138482
-0.0191992289993522,0.909822924916006
0.0625986950400357,0.861850744136352
-0.0469239298660465,0.855794437869635
0.0787800247670672,1.12946364493486
-0.0350975082404123,0.91105589522322
0.0611386223226595,1.12053191999479
0.068015810111422,1.07057836433597
-0.0192315288722097,1.12427099768095
-0.160140792148894,1.14600066897321
-0.0563807065953097,0.8798964261825
-0.0252301677222875,0.964633381617001
-0.0765765255226449,1.16018760990502
-0.100982067301515,1.04826467532846
0.107240394987103,1.13213659315131
-0.0233595302055779,0.994076801812266
0.129256984752118,0.838031025063008
-0.0362723348462789,1.0409601148116
0.0897047957960985,0.910365121037045
-0.0344028276621278,1.00914465425888
0.102838031962448,1.07499732045241
0.0850256996690278,1.03580526371498
-0.0408681517216324,1.02945548193175
-0.0946603613462019,0.977811613344353
0.0968024059889711,0.914724297835675
0.149767970616599,0.976320117926002
-0.0574781886415983,0.836725818507259
0.0570881234839133,1.03627381634812
-0.0204516724710148,1.15265839606579
0.111166865196325,0.8651488411832
0.089618084143205,0.845196854460049
-0.110915484835093,1.12874503710858
0.120660159567357,0.915647121685832
0.163290717877168,0.836305018751112
0.00480781883523481,1.10497342381601
0.128093674375652,0.880166478849589
0.0293420184361658,1.12662214676133
-0.115082550447985,0.865125595363508
-0.100045725714183,0.95085336708288
-0.0310150542870311,1.0311401892625
0.0829019060718971,1.02839387949286
0.108527938595385,1.05589392139483
0.0966543433148436,1.04934237168523
-0.0604919182003359,0.977789689112864
0.0113547091235755,0.879919586366419
-0.136683107076473,1.08397650265836
-0.129431418602266,0.913928931195739
-0.121235817020567,1.05015310749269
0.0595507682667294,1.11912468694482
-0.00160766030344646,0.861456823681716
-0.103429864660807,1.15736305390428
-0.00166472500325972,0.843819978519705
-0.11746392600777,1.11180151681495
-0.148341951031271,1.11190444939029
0.116904224763002,0.849952500448531
0.0201865091182949,1.01529540296361
0.143202955585554,1.14772327988516
0.0655557335184092,0.940491023289996
0.0275969883919467,1.10215560126444
0.105132403825807,1.03379958508427
0.126337968199059,1.09654015504101
0.162970538693196,1.09972834501477
-0.166492541547685,0.849854921859404
0.121812863671008,0.927732877946982
0.0375221564946662,1.05115227465999
0.163316735236277,0.996551781776157
0.00922668977948079,1.15761741233693
-0.00682553826326042,1.08282996999236
0.100449201840651,1.0226137165796
-0.0907190214313194,0.932988054485732
-0.000635236267870098,0.918703260353946
0.133617496177335,1.12885459813718
0.0248870730433959,0.982266954260933
0.115059395018012,1.10532908443207
0.0795467639984673,0.866112433914879
0.0286623452754919,1.11986448449176
-0.0844218246713417,0.842543002720392
0.0554720724398227,1.13305214475212
-0.138839062132459,1.13331183350873
0.0419865950571944,1.00803533653912
0.0536481859824474,0.873399837549045
0.076583951772407,0.892598030607426
0.130250705441774,1.06870253150287
0.160767740961202,1.11045325212902
0.0896763617786321,0.84494460685591
0.0271488292917993,1.08594623679531
0.142771020771396,1.15237072600039
0.0266967885861472,0.947623504998949
-0.161005687220913,1.0460812364749
-0.126380142967147,0.947668603990108
0.12090357289989,0.90549046539418
-0.0052344962626325,1.09540020901018
0.114951891525421,1.07436331984849
-0.0968649719930218,0.926279634929152
0.0174304471795917,1.02747714290149
0.0432944616881404,0.973668593789427
-0.156002994745811,0.864022902251456
0.0382378063723802,0.841342441668916
-0.0458628459089825,0.997048601337122
-0.15015580698598,0.926089006717293
-0.00347667027422608,0.946585721383688
-0.102496534645975,0.929116536505025
-0.125638750818018,0.890301078416493
-0.0981686096974401,0.966421104760476
-0.11782836312837,1.06588318948597
-0.103642608509129,0.901225479043005
-0.152449196362952,1.05544216282984
0.0450659722866273,0.981022029802758
-0.0727110480398567,0.977765088525232
0.0128655593484468,0.891746480798198
0.065054346481444,0.89773410392013
-0.000294662172470169,1.03880711054892
0.0119336852503711,0.923003535957796
-0.0182722782346526,1.01989264387197
-0.12535590746731,1.14826133058477
-0.00321423551066062,1.07149054524965
0.117666051780272,1.05973988513134
0.124642468620578,1.1531268604357
-0.0765685559024341,1.09177810398633
-0.0971795470828954,1.03590898877404
0.0216598569127337,1.14933411977778
0.046770608387586,0.853213874528455
-0.027657016119038,0.922904115080931
-0.0980081614892522,1.16222668132676
0.149311040431056,1.09073557736468
-0.139309597634091,0.991784766652598
-0.131430191139426,1.06029985185132
-0.119319626032001,0.972311584977141
-0.111179853041193,0.960049734297727
0.0403195479784361,0.90442346302507
0.0245699216137327,0.960979329711381
-0.14930736990471,0.843222583836701
0.143733794869417,0.990773688361358
0.0762205605594237,0.944457562281262
0.0792805512658634,1.15861493470333
-0.145531833102394,1.01848117953992
0.120146854346077,1.11543454592786
0.144801706320404,0.96935449813397
0.161466104080324,0.987339387924631
0.119646272227955,1.10876890694881
0.0951863297550102,1.16373439995625
0.00445913952919164,1.00798254975454
-0.107465846498045,1.14181229654382
-0.0338035010880523,1.07967395384064
-0.122022916337343,1.02247668539064
-0.156370150418349,1.15625922098097
0.146380568689849,1.10816647327297
-0.0662313118045359,1.15320309299929
-0.0681553885082145,1.04878202181467
-0.0556879060546082,0.959857828480096
-0.0109772709903825,0.992191560293443
0.0493994688220524,1.13729660416691
-0.158257272835655,0.838284618589291
0.114068870806445,0.885564615744654
0.0196775149962317,0.990522625509949
0.118033316424481,1.01433056494842
-0.0507069352242463,0.853230344128603
-0.0179911173149657,1.05267676854269
-0.148586838519623,1.12987843445968
-0.107630822070297,0.869877535371737
0.0542693539869915,0.979257704739371
-0.0563903349322318,0.926743363202441
0.132828712611433,1.16174877081707
-0.127281600517763,1.0362529024448
0.16280597626166,0.917916402306149
0.0133273663459764,0.877538242282788
0.0689724731075876,1.01500163040614
0.166497206699235,1.10926797715697
-0.0707168850616209,1.11233542367427
-0.0284924870356305,1.11111621567814
0.988279980541712,-0.0987615219020279
1.08798569283065,0.0148058997495911
1.10606801296922,0.124980907180783
0.866740513398497,-0.126333304610111
0.892705651295589,0.118783589512422
0.95321163782736,0.133258672987443
0.852234896356097,-0.0940449586878432
1.00729522455376,-0.141006971688369
0.945282991558975,-0.00859494650604264
0.891889676558554,0.111675821911554
0.902982224664378,-0.0102021659860551
1.13505118633482,-0.0287433535835016
1.05846372577875,0.000915421283332885
0.989489399967999,-0.124853346666782
1.13737749141321,-0.122571558190687
0.868003858259793,0.123491788380362
1.08184869123391,0.034316727100629
1.07875581853221,-0.0782327579820669
1.02062047509388,0.121600860018978
0.894731365838509,-0.147296847258675
1.03240378344595,-0.0140820382993046
0.93331233002993,0.0740698813665059
0.878040977609561,-0.0536669494679734
0.904200511119614,-0.0329267143578958
1.13164722514694,0.00899325073160902
0.857150937595682,0.131411904821505
0.91416218631224,0.0927868861044369
0.851251464069571,-0.143544132443666
0.980574019021475,-0.0737384904596517
0.837761066822417,-0.0402100551046449
1.13239711699119,0.121557515461012
0.898886063789211,-0.0266798768631003
0.864456838918364,-0.0867075088360389
0.935788966529307,0.0325515054712262
0.98535255561458,-0.00686519879933589
0.867223131208252,0.1328491672784
1.16512990921836,0.144903079304603
0.944030944484166,0.105962277937039
0.932448938629307,0.0696363263006069
0.854015073773211,0.0810735234681692
0.932747990629255,0.133236594172183
0.84878375496606,-0.144920065053436
1.00180938081923,-0.054696276218047
1.08714196223004,-0.165221642463734
1.04368999973786,0.109365201049795
0.863297216925364,0.00247845910105871
0.860287474376771,-0.0446125212836459
1.09241351218298,-0.0911200941185432
1.13504491474119,0.0116105698656324
1.01125731725567,-0.0701717112034783
0.86971807068082,-0.143876367518265
1.10860295261853,-0.138343084811025
0.946032572934057,-0.143886843955333
0.931324351008828,-0.0300611669498326
1.08210447590123,-0.125539539230206
0.836778872781132,-0.0189944691125879
0.849482446417741,0.132979912321433
1.05597204052454,-0.0487869994047798
1.03448932794359,-0.126607293482491
1.00870082193185,0.0230370084812361
1.07656981607441,0.125010908788497
1.06908449510514,-0.050475007632036
1.09379235059976,-0.152692998363743
0.929325658538057,-0.119220093537203
1.06417732879551,-0.141135721707861
1.018889944988,0.0801755297669622
0.965506930860531,-0.0144916242269999
0.853863555684655,0.0560831051051764
1.09339184383039,0.0664153585343758
0.945861288017348,0.023785737463586
1.03595530242098,0.0428977806514806
1.08041801650074,0.12592130836335
0.868271080657833,0.0541172465426796
0.875962793260998,0.125137870624934
1.01651336900507,-0.0108276603872575
0.99507646952832,-0.119554657221112
1.13015855972815,-0.143955180922471
1.09965342627096,0.0714141356399573
1.07811369456532,-0.0640046572723377
0.850443962037457,0.0570546572371875
0.857628433032992,0.0508069451407548
0.86284248655824,0.0103496127817006
1.09945028803798,0.0717023439207684
1.1476693798569,0.00160354100769385
1.06123852413612,-0.00400021383159055
0.877360985237854,-0.000720563656666284
1.07424151321892,0.145325184441476
0.870117826880783,-0.0369061057344915
0.872497617383944,-0.127618278090808
1.04690597432198,-0.0865254820095871
0.942938071585601,0.0616361648763821
1.05127067419859,0.113084538353199
1.08304382103451,0.156714877632678
1.02772857715163,-0.0949434623986555
1.08001077599593,0.0867811154727458
0.911608971582635,0.0280342832860109
1.07831918056535,-0.0323494741429196
1.15686617502887,0.00334677925252236
1.12231009725064,-0.0014519269716506
0.862078176621165,0.0504561141772379
0.9554788721064,0.0812353815409812
0.956399601443339,-0.0660155102909227
1.06167615755387,-0.136796021599292
1.03264721179463,0.108655160828081
1.09645464788064,-0.0368043303594356
0.955884306145959,0.0917682844229465
0.902009286501732,-0.106876968238674
0.862222182465177,-0.130212930094071
1.09064463903304,0.135052779363879
0.90189150715492,0.125450334640834
0.962757210349267,0.166597521481584
1.01725951065241,0.121418228685695
0.9096510840077,-0.154374159238709
1.04731354013306,0.014894147335749
0.994826790799394,0.165872060727858
0.883948508372089,0.0036693847486821
1.093977322196,0.124504058645241
0.866868774120807,-0.143259509221154
0.931355444586209,0.162512912275999
0.912457673235193,0.140904476515569
1.01029075234264,0.0214203065332593
0.863832910446471,-0.0228459821085517
0.96843847329353,-0.0540518115811694
0.868282082371919,0.0735744759490838
0.870761320718676,-0.162114811112222
1.09480929691464,-0.0419799357413921
0.93052343930231,0.140895073464056
1.0345111462503,0.0154932160097575
1.15480755573863,-0.00870437674929155
0.97749499799012,-0.00115422718660178
1.06491739820598,-0.0636763062602025
1.08603309176315,0.150279186280303
0.977547442049034,0.160664426957673
1.05183267993451,0.00452103451419276
0.869918350241017,0.164196606157357
1.14458661612844,-0.0147187659782498
0.895820268807229,-0.0246530397026338
0.922059612969213,-0.0955950737340296
1.09927675340387,-0.102250173190242
0.995867925144641,0.110918081990111
1.08965275468629,0.0755456998683203
0.965335581739292,0.00991523130192499
0.924312931374563,0.109693579166443
0.845744878023443,0.00395814377941791
1.05776497136955,0.0173206154181821
0.976521486417284,-0.0955717019947013
0.983913078301578,0.0292735421075766
1.03661905643007,-0.119078924883953
0.853134432286092,-0.149258824058283
0.938603812779622,0.0611026384353116
1.09090737695431,0.036186492803976
1.06547766300203,-0.093448021739613
0.875110727036393,-0.031240019232885
0.876717150129808,0.0433026482541601
0.864117446239734,0.0184358749084845
0.835940097856445,-0.124140312653912
0.974369795054722,-0.110267222781462
1.0518577249793,-0.166333527294416
1.07430750823067,-0.0272791762676255
1.01040309786081,-0.00383810704118515
0.869605979424348,-0.11337705228251
1.0439221245095,0.0556128590745862
0.875499955109768,-0.160693210316248
0.878101101437858,-0.126774881160253
0.866198030903666,0.150708436292664
0.880675749477309,0.158617990310731
0.889417099497176,-0.156361820443865
0.898749640752318,-0.0020393854155211
0.939159925049812,0.120907376046277
0.938809666382097,-0.0857079445689634
0.905854436474274,0.111423387906266
0.917013948671912,0.104530397467623
1.13097413509533,0.0429910346918769
1.0677410748521,-0.165920600479722
1.0185793142398,-0.0400920200910219
0.894811222585884,0.134801898830812
0.904010280844107,0.0601172216882282
0.859115602704226,-0.0403922897579434
1.13793347025986,0.0439849035674447
1.06890507256564,-0.0855768258431367
1.01926298891829,0.0238043572012989
0.937809663312197,0.160576257925474
0.888734520967384,0.116560672968506
1.04083241975996,-0.0721852714369798
1.16264491165083,0.060819221483406
0.890144007685628,-0.0472918230059999
0.919264083524004,0.162308923320617
0.965599772877715,-0.138671234747937
0.857998256525646,-0.0832313712127665
1.061365355654,0.103782205105002
0.967462777565387,-0.138525632040638
1.16094506713132,0.0104179879139524
0.967394661740828,0.100207659715983
1.04022398239986,0.0796077473070212
0.884789935159757,-0.119445673232514
0.960448401481491,-0.020701914031659
0.88704465728312,-0.0498732091955103
1.08603747710914,-0.00716750093410349
1.12370370730513,0.0291344667080313
0.950258914961964,-0.11806476826016
1.06184523624918,0.135110202414788
0.931382877922617,0.0467314161107407
1.0102097679523,-0.112353476186443
1.11080779542839,0.0219701970005524
1.03249673062419,0.143872045659065
0.945103776901749,0.0943672945615437
0.933075007777702,0.0618957123263296
0.984197513856441,-0.0112602383390859
0.974215217740154,-0.0798939681111568
0.953202105990745,0.0230893903590064
1.01943973328977,-0.0837431123706411
1.08084845523398,-0.0602328028263677
0.974778261208564,0.136934077405647
0.976451929525402,0.12840668033147
0.874957586239938,0.0981964747219507
0.841478005350125,0.141936602388959
0.930061755043576,-0.107053349741374
0.939173527633075,0.00584704941215504
1.05123004465549,0.0423351054697698
1.15231197469023,0.137727448633635
1.14524362426163,0.054656084612936
0.985962111284789,-0.036935725669129
0.913492798944028,0.0800025271387174
1.08796598142883,0.105878286569577
1.0864424610437,0.0334482643921643
1.08021602165954,-0.138334311832432
1.08122944716244,0.140786000363351
0.868640138910922,-0.148800728227814
1.06052014349011,0.00900831755912198
0.987753526197906,-0.127048907793417
0.904054401751645,-0.0399523365863317
0.866172912562703,0.104277511005036
1.10785815797595,-0.0853013614761033
0.891669912460693,0.128140886364525
0.887856636594998,0.0708822649197166
1.05532907213704,-0.0406171873059522
1.13146312511808,-0.0836934630013556
1.00551940278376,-0.0823820849202423
1.06756743565016,0.089081198175645
0.8845301255398,-0.150046038317587
1.15115235662875,0.0617628558696364
1.01362802708049,0.0400927073836671
1.05991129940349,0.082228209989575
0.845521006016151,0.159085216115223
1.10306795043126,-0.0386954957797949
1.08287295725873,-0.0799314658954259
0.87339567266236,0.125823178671375
1.0083483882542,0.102031994503549
0.941944542921083,-0.0129596400734335
1.01548314663436,-0.13634610402526
0.966293584127733,0.0214229417577327
0.971697795537682,-0.104205703617131
0.893579253418265,0.0105631952982442
0.91846224682935,-0.0483222260755391
0.840178591552728,-0.0617388317481687
1.1412252042068,0.0755804896142312
1.05123329633608,0.00525761937784608
1.14420452401619,0.0968816326374927
0.887837456175842,-0.0985024728803479
1.14036575196407,0.0593686925199319
1.09821929512958,-0.149171485787325
1.02579806556888,0.100390787454166
0.980011865253418,0.0595228796064379
0.919204578904146,0.148669648361354
1.08398213128915,-0.13614728570839
0.909556494035167,0.136146123526059
0.854729029130633,0.00331767901773468
1.08910983692552,0.0383011883800184
1.05706739511885,-0.0613095997046801
1.07173750492861,-0.140837506161526
1.04735360947795,0.116871355334569
0.973016097874961,-0.118491031017163
0.963587360734725,-0.0431714024486627
1.10538003429177,0.040797144360417
0.939142621218617,0.16585063414379
1.10484659096688,0.00578137774856421
1.09635783831299,0.163503738383438
1.11742129678128,-0.0911551791480538
1.00187887252392,-0.033998271193262
1.04522046295379,0.0655228965038799
1.15029813845938,-0.145119746848826
0.98132138500627,0.0825538607927879
0.853339606593159,-0.0265331895890623
1.12224996566644,0.103772473412674
1.04372957808967,-0.0401315714097962
0.95169121729295,-0.0603107265944052
1.16566775720222,0.162017022242205
0.908057166327709,0.0727269684032424
1.05081702432287,-0.0289388804767009
1.03499688063609,-0.133789920919029
0.962415143827712,0.0781863750554698
0.880729053096835,0.0457687634511609
0.841711661903401,-0.142052707754645
0.973704084588414,-0.126497277866007
0.894700096475837,0.160532069638794
1.07525842248982,-0.00106685940695025
0.956787562171733,-0.159195448519949
1.1138533624894,-0.148722817010163
1.0780765637311,-0.11970873413272
1.02367529094146,0.131158103913395
0.892285019208434,-0.0113933089613174
1.15246134086524,0.0202855793778474
0.921774012064307,-0.00184788420553372
1.14152696507987,-0.144071503838062
0.907923468232347,0.132548847457897
0.957854602547548,-0.070478230372913
0.862500116525529,-0.076984395082161
1.04670551608224,0.0313980584767876
0.893538962584369,-0.008040325314564
0.848350369157858,-0.0438963206421991
1.0743911597277,0.0518703634988332
0.949145881860597,0.146066801934754
1.05353894150097,0.0401417285946648
0.961289533690657,-0.0723866361285582
1.04244883414782,-0.0982729160223378
0.840549938210102,-0.020288639468738
1.13685666284101,-0.157583260113061
1.1001862187596,0.125394778653449
1.08194916144757,0.0366974154248183
1.10437093787025,-0.0988025399041937
0.96110210620851,0.00663894159680041
1.03909307743882,-0.148725232616627
1.02516495323427,0.120729143705626
1.01001723492167,-0.0190217779820435
0.925023251940645,0.0160030524452195
0.916209653220657,0.022286943929747
0.983879590150658,0.060131663738102
0.909237608675516,-0.0428738073023027
1.10148319453769,-0.140590430271438
1.16203474729866,-0.0145497587833238
0.843330650089797,-0.1507187332799
1.01188806355575,0.0794189973422632
0.862359073300297,-0.153999488201346
1.10069714685193,0.151414774786472
1.16304830323345,0.0807907781545384
0.85564875279925,0.14581652234691
1.14646612062818,0.00445466205255148
0.839392511212232,-0.0863650669740907
1.06127953791545,-0.0800115737610441
1.09457882669441,0.0863247204473583
1.01137918929424,0.164447587947169
1.12845315031038,-0.0477647500251447
1.13300163296871,0.0842859470343366
1.0419792086935,-0.129983834295778
0.879289664137519,0.0323484098714677
0.905933864570708,-0.0231349332264656
0.894047025296811,0.0769060057738634
0.847273287990985,-0.079607943142915
0.868980552850069,-0.135064106138812
1.03881449502856,-0.0163455035696096
1.14655367005369,0.0466915034225805
0.951485243655776,-0.122653727543728
0.970209696686505,-0.0157258567253162
1.16144980566148,0.0507331996493812
1.14852639634509,0.108999443852688
1.05888155947785,-0.0639743638599293
1.1627674207711,-0.032545473664982
1.08894379573886,0.128077105348816
0.945566421463825,0.0668598366850474
1.05412728679983,-0.0860425682841376
0.914721762263426,0.0866106052398626
0.931835750277199,-0.0696914209355235
1.06005945707683,-0.0741870936815027
1.00928227680627,-0.164630732324467
0.970531171135845,-0.0417629529514807
1.03421273934547,-0.0210224064226708
1.08350668530791,-0.0652338437194407
1.02784439142065,-0.0697132231303202
1.01726417164532,-0.0858278970383332
1.02785687291924,0.145561203340778
1.00393997331949,0.120063413609012
0.8608642423329,-0.0342572465207215
1.07319004495316,-0.00686029854712818
1.16538537043229,0.0216653643649532
0.951511434985641,-0.00346020348448484
1.1570862717278,-0.0767294557753947
0.948816253766787,0.163246714020739
1.1288479539201,-0.105441434577959
0.984898288330636,0.120552241641341
0.971142429673605,-0.155789142631181
0.905910689452433,-0.0560139934711158
0.875218195787542,0.0829156652609857
0.936304864522272,0.0481221527272146
1.07536814388828,-0.110254012449445
1.09429069099304,0.150735033574145
1.0645958716623,0.0144234117974164
0.836600750754354,-0.0828621746147268
1.1144044460035,0.0261907699512037
1.14077733259876,0.138492199677791
1.09031807355797,0.131865508714798
0.847553285311683,-0.00583112753998697
0.95939537901674,-0.0190866740787549
1.06811320816112,-0.0627483492505639
1.07650434850155,-0.148228742672777
0.908092356888171,0.084597257802904
0.923018243924455,-0.122684173413027
1.05767705500137,-0.0480259603055388
0.992497399242287,-0.0347096786617662
1.04123880422248,0.128507075829878
0.912148310880303,-0.159586817126017
0.892374584832772,0.114693573069249
1.10988112856586,-0.0706431187259218
1.08897388931175,-0.0832190391545095
1.14482609103942,-0.00387345499167816
0.869296301694788,0.076345371781671
0.894075835200352,-0.0991279679454016
0.86636509414082,-0.0945745981878302
0.996587933974482,0.15877817159314
0.897748443489623,0.0310785974788504
1.13196385793086,-0.0651988073021775
0.866363216560605,0.15590096106511
0.848055190587554,0.13198994355055
1.01909838526825,-0.10332484106924
1.09083168906254,-0.166066892040281
0.937313352498756,0.0705879211050895
0.892994159771445,0.122575596303291
0.946318559415906,-0.127230696720668
0.903381879014517,-0.153659007757452
1.00338417325508,0.0327315084765926
1.13545477442174,0.0347711685437761
1.04297464621744,0.00547747014962926
0.867177962937437,-0.164164198635572
0.963618250908785,0.0629777878627058
0.851538871741219,0.148673458464919
1.00042763773441,0.124512152154739
0.977240390628082,-0.128907849158673
1.1658534498374,-0.0484768862691601
1.10386752699844,-0.0860210564577664
0.995217223299339,0.020111103280206
1.13148258518913,0.0375757025166282
0.879182198255688,-0.0663969697797584
0.963334971481762,0.0993805713983855
1.14245207499937,0.0985472089089013
1.13916461080537,0.0936974219701289
1.07119133719811,-0.0496338558618
1.03944579454065,-0.148567548700008
0.947762630080448,0.0695682056597416
1.14534244222992,0.164309480434665
0.874924680220164,-0.112507838270038
1.07686178716857,-0.128811220442651
1.0488258108086,0.137625141962181
1.11105066188977,-0.00611433987581493
0.966094076072925,0.117268650669451
1.08327406978688,0.103304601034735
1.11174017015938,-0.104413485243387
0.940820132454086,-0.0842667144181122
1.01742053895279,-0.148603719544244
1.1597097108113,0.0363204854846261
1.01643617767277,0.0924108097448368
0.943474536535534,0.00368802970424054
1.03982385172593,-0.157416637183909
0.953545523667401,0.163461760522292
1.08550318116731,0.000313307917868396
0.971300249563397,-0.0560008376796145
0.997448368128313,-0.108705620018498
1.0649144110442,0.0418787982829464
1.15757796169326,0.0250449442687755
0.942584986831136,0.0836617948418148
1.11260106102619,-0.115493733407805
1.07969074242451,-0.0477376011325471
1.15139148545985,-0.118683066584618
0.843974209834659,0.116869218415083
0.952289662060847,-0.0540434198972201
1.0542179447624,-0.0749345023848859
0.92716718638283,-0.164663008960961
0.910127689105821,0.100637322872499
1.07037618372678,-0.000863905087143069
1.04152430566444,0.0126142804413737
1.03020288430655,0.123637508207108
1.0534793221042,0.0742811895554827
0.849184891037955,0.0560286438916151
0.94959493617002,-0.107057402565431
0.983780193451914,0.0168317849581997
0.913634999040037,0.153291692895991
1.07168167109873,0.0320072239954331
1.11872743066876,0.102856902917462
0.927169231706184,0.161510784954482
1.07701694324125,0.128641482556646
0.879254297506505,-0.0953876656289628
1.11224092724991,-0.155123312895844
0.879533905247453,-0.0162920695322752
1.02940312846316,-0.162068481073968
0.955385600151646,-0.00876308362236355
1.1022531815537,0.150399030242932
1.00126026192539,-0.0836825737648556
0.996531446241118,-0.037859066481861
1.12568290779501,-0.0228555411913153
0.951047270979652,0.110295494916347
0.983147852190583,0.108215606544279
1.15451009561448,-0.0156671292329627
0.847432599304848,-0.0398132766841074
1.15765277804688,0.141956180946878
0.896402281040792,0.0802812091503889
1.05570676668003,0.0792110244742753
1.02881320489297,0.148971999670676
1.05837080546837,0.00336656847746023
0.95367401639822,0.0972930616322502
1.0400928090237,-0.0159421658903137
1.1037169617001,0.116399569182995
0.839752492471381,-0.036523056845834
0.861291169427633,1.07945883716876
1.15826722239496,1.15881285245062
1.05044984413845,1.00776635273837
0.910412605388117,0.976638433903258
0.96783038104153,0.902386027528853
0.874006839417377,0.941133793159015
0.922812940465761,0.870290072786703
0.919282056704202,0.958403351414037
0.94388841291421,0.943301326378012
0.884078004287649,0.94736839073154
0.949335886572038,1.10570628376904
0.873886151435909,1.01056177141252
1.12805101924989,1.00704068283629
0.864759463354715,1.09143656966222
1.14334687536916,0.873420923593326
0.966339989678185,1.04181671730584
0.849133820676384,0.948882895183516
0.947457834386913,0.944873128613292
1.07865538629339,1.02487218779366
1.09822738577793,1.12131254701959
1.01496863274822,0.899521024056884
1.06207448766135,1.05748365456588
1.13121089864453,1.13394379032669
0.851597263306577,0.899719060539651
0.934553793239005,0.932761383276661
0.848730518777183,0.998840090087792
0.898492254544599,1.12996807722823
1.07338860083884,1.0004715299562
1.0739177578331,0.925665079701325
1.12593302371718,1.01131939288895
1.02747765482914,1.02474985126188
0.856894778462217,0.970934800573686
1.1409148567297,0.838254554268348
1.1001240307837,1.06758826780942
0.928648952140121,1.00224905049566
1.01455441094712,0.960422032808987
1.1615920789902,0.854977178291285
1.07189268904221,0.952859986887005
1.11298986577667,0.911417080844081
0.977753520335983,0.901168017629657
0.990208238535514,1.10459319438807
1.02023780368152,0.964478197864491
0.923030514510332,0.851191723620498
1.08300615588065,0.958350526090823
1.00129592448683,1.09166472580589
1.04893655542426,0.888432540290259
0.935915194010314,1.13740629901222
0.879574878692715,0.939735260603078
0.991857644599188,0.943259889427983
0.954153093606249,0.901411890031703
1.09603780946618,1.08907157879327
1.09343194028137,0.856657716317608
1.05617073808451,1.15001131600454
0.877834619887104,0.886069928302295
0.840518629067832,0.928815288800334
1.0199469019575,1.06237637157898
0.933606339356496,0.88038327454593
1.14646990462449,1.00402888349448
1.16030121201562,1.07377564243139
0.928873462964753,1.14294837853995
1.10027342898384,1.07736795000542
1.1320371171442,1.08328267357937
1.03250885893928,0.969106534368502
1.12800557857461,0.913163898529294
1.14791051373193,1.00695015836101
1.01638602913997,0.906359120036301
1.07612894153145,1.11412930129958
1.025586099286,1.05431096968376
0.841952490361047,1.10541176172215
0.982176992761605,1.09795920003419
1.04876731911689,0.989701734517254
1.00706765089081,0.936508326444858
0.957437553593171,1.06252641583791
1.14571155544719,1.16228407446332
1.10984427484217,1.08997795861851
1.11636182665148,1.10986028224173
0.957511413299846,1.06869492181677
1.03106152507283,1.03177880621592
1.12418418821585,1.08429137336085
1.14450053616904,0.99890740127508
1.05615475812046,1.12171088467069
0.902258819311702,0.856009231376471
1.05128353068753,1.156181980071
0.85735051707355,0.866252103990333
0.968908971696455,1.01565902881842
1.0556438444025,0.967656636326511
1.14457521984864,0.869013385133394
1.10365001074609,1.07472205682687
0.994849423944997,1.03789411598686
1.08558307002184,1.09432273083935
0.972349151247589,1.02220686081388
1.1572619976631,1.10377305290231
1.16265823374361,1.02559195341366
1.12138250967707,1.14800973128055
0.962961258637476,1.12381738298056
0.984913942679704,1.00253406931492
0.915562399212693,1.09627438833749
1.09480769767473,0.991010213633233
1.12761253519435,1.10960056616281
1.13790389376434,0.940827196020651
1.01942830787409,1.15871551174245
1.03295603424874,0.926070346754381
0.882958906779183,0.85761026827081
1.13323782817858,1.08374120195734
0.983464526884039,1.11039620684472
0.901890779821321,1.14077936444371
1.13321699683636,0.942341431123338
1.08752851312441,1.1013564208569
1.1274954358001,1.01275011110019
0.928316739341607,0.987764959693102
1.05774199548409,1.10691675028489
1.05475996813935,1.15063550206382
0.874271664633175,0.858757629813257
0.969106141018938,1.06955702139594
0.925095650438563,0.911642147945663
1.07222324687971,0.966298519239671
0.927794793876312,0.922708142302203
1.1320662856165,1.11083777219851
1.10885963077119,1.16512460344873
0.963342170937999,1.04991699425155
0.999300980988062,1.06798427701476
1.06493506422416,1.14410106598959
1.11145633369998,1.06255084935651
1.03654322989191,1.02278463955665
1.02491238695214,0.960282509763176
0.942014056974264,1.04485982827014
0.985474866950582,0.954409540364655
1.07126519441104,0.969206481648635
1.128135015092,0.95623324119193
1.07361855693898,0.989466253463453
0.839537591575462,1.00113794776132
1.0582588223761,1.13684526079957
0.979502941412171,0.902143674024603
0.979273393055423,0.946201225092461
0.872345606501886,1.02470854066279
1.10489389650619,0.995644146476549
0.941618479543503,0.920739661896814
0.915409371411547,1.02653115431771
0.94757107370776,1.12610923299181
0.958564046669863,0.853650074128164
1.01551793102765,0.980292156310067
1.02064005142199,0.861419333779152
0.965274076208,1.02107920514191
0.966043626510445,1.01310352676386
1.00512240640386,1.08935263342377
1.05251018069864,0.911030090732979
1.15030506608832,1.02912058082882
1.0741161714425,0.98632462227412
0.966693248454113,1.12032717393456
1.1106237797766,1.05361203148275
0.878112780576236,0.951293055369484
0.853488923979943,0.949062099297961
0.861415684104887,0.917906034104826
0.887966106109903,1.15084271512447
0.941406640098016,0.932733663274645
0.933908925734882,0.886135359259432
0.837226997043446,0.953765685575697
1.01330169794988,1.08054303096094
0.86512423087594,1.06863333667648
0.882171618814077,1.06696405762369
1.04371373567165,0.835408595803834
1.11977347047626,0.95811520042528
1.15807387707957,1.13383187309755
1.02361280915739,0.939448276025751
1.16561673819165,1.03236097440494
1.01784719116518,0.93259839415744
1.00515281828011,0.875004793761909
0.943560688663422,0.962785222885685
0.976667266131132,1.10589591465796
0.997268751201248,1.16039190141444
0.857012361304318,1.12066327842905
1.12924640517757,0.861273627365335
0.854877863683623,0.945903996779041
0.978728318577149,0.912043055457381
1.1088765022063,0.939268462644057
0.964844894744345,1.16148280182478
1.03782496056842,1.01608363041881
1.10621357836074,1.08308375311814
1.12874501302087,1.11395057824136
1.14370387582907,0.888963235662343
0.896928216003041,1.13436586976319
0.919527417139591,0.868374709274073
1.13262189494677,1.08169769881357
1.0311206201287,1.07645731261264
1.00128002728228,1.0724898673701
1.03760319627852,0.877810589244012
1.10647408074396,0.981929666505423
1.01062972316431,1.00292907707152
0.900691698849477,1.0101634302729
0.984631155226841,1.11990568119516
0.975970306606724,1.05924163690656
1.15535091653733,1.10194608626492
1.04001835137782,1.01041428981953
1.06512998397267,1.15196527953773
1.07338820400599,0.855558981533108
0.948965063429205,1.01383934248332
1.00566347350844,0.927220114498212
1.0188982106707,0.993633445455172
0.885498406371348,1.0616212604496
1.02068534852059,0.902752796265583
1.06493442970282,1.03605366286469
0.975485178570079,0.942058724125587
1.11209014022544,1.12694906745394
1.07712902205398,0.877798204453642
0.953343680695257,0.867469263295779
0.984737457284466,1.15303896771131
0.962129966197391,0.884300666558264
1.09185154741685,0.88417936036515
1.07809036856198,0.885184196018876
0.976759281691385,0.86318980097562
1.06458419137797,0.984808187134376
1.14840449572282,1.0562985642701
1.09474419941058,1.11043389398352
1.06852395271036,1.0967450456379
0.869778079841449,1.070903639264
0.963310219052162,0.990865835013927
1.03030157680178,1.06952938413192
0.986460015988775,1.15268649367342
0.850113328912985,1.00192518743265
0.90956252800674,0.935017705105826
1.11139635368563,1.09660372793399
0.838548230898842,0.912128987862611
1.12123695501862,0.911434277757682
0.859356351010811,0.988233132869581
1.05634753002719,1.03979560040532
1.00007044142703,1.03844313338918
0.905997932916718,0.87420796718535
1.02387190846803,0.874597842775737
0.874063050307807,0.928152997098606
1.05705541099622,1.07857760227537
1.0331951827076,0.970436034327679
0.851992052462597,1.10966063090424
0.852114339514452,1.14503803868325
0.884166879000823,0.966355552720681
0.839873688921861,0.850737126710192
0.978391848565651,1.02372870074616
1.11074049176094,1.08255665856059
1.03913005715136,0.940081186034738
1.00670980510358,0.997644772880732
1.12128940764454,0.907217584825316
0.865899306053814,1.14642458088543
1.13601740106226,0.994101763119334
0.869338898045586,1.01333202895798
1.00566558603231,0.907019033234544
0.881052007361192,0.86531500060705
1.019790190801,0.853388472153159
0.834859874649108,1.10650295831409
1.0888939995405,1.09049276824201
1.11623640881943,0.898565243673246
1.13894042341791,1.13170605151772
1.16232275826122,1.06143338207471
1.00171103393294,1.05228216041587
0.923807208139172,1.16346040049598
0.866916837307079,0.844563931040337
1.00261627694318,0.974751090141384
1.02853637523396,0.996661224268751
1.08762903197025,1.02783482348909
0.860987549703515,0.861089915860431
1.05386539769424,1.05338487665926
1.00565967156874,0.850768406923464
0.890349339175149,1.01894351137733
1.14618595477728,1.07067508304498
1.03016105904752,0.995970208420024
0.980211560253613,1.03920021530199
1.14730631010376,0.904592524920677
1.05197127341905,1.04855288735379
0.983981903086795,0.960214097094876
1.11323247357322,0.867904280062296
1.01087450082478,0.959170506254249
1.01796235526376,0.920953602502884
1.06002184336112,0.913761870884334
0.955729968439123,1.04097468345817
0.913096868731182,1.00764258738585
1.0263078308197,0.971079248831392
1.12229568489084,0.905930678508622
0.968925586738409,1.11951787237361
0.870871713675016,1.12033608443321
0.981281945575652,0.92797967052161
0.933394800404633,1.03846428298171
0.967128951271498,1.09316316728132
1.11112118781771,1.15161577047314
0.967876220924536,1.13986774874209
0.963391979376869,0.96160523451784
0.953482964459648,0.887547672135425
0.880085119756481,1.09891713992524
0.92004339803748,0.871272393211378
0.862271700288611,0.88627476622514
0.976465779028602,0.951942705417476
0.919094261589953,1.11591952146524
0.932518461383706,1.02759373232966
0.974952803901542,1.02872588841335
0.873069086473762,1.14194599631661
0.99835564126682,1.02502608923585
1.06880240917919,0.836659131653402
0.914524457560317,1.10312576193929
1.09502336064467,1.03626945319705
0.858029858953642,0.993304560125408
0.964627808993899,0.922813386097022
0.834464707654769,0.919365461331967
0.906892297311008,0.99366984530967
0.833766856233532,0.909113827992376
0.896393223664912,0.849534099413964
0.880828018273657,0.889747271514087
0.922691999707792,0.919482102583543
0.891630688445261,0.89930335251872
0.879549657197532,1.03523102139434
1.03296187012262,1.10790121512664
1.13368596856091,1.10353832089053
1.14645992196141,1.10074567200998
0.907061485313026,1.06937112546892
0.994223791798805,1.11979261810101
0.958670371974918,1.09369483933379
1.00792667898862,0.901265617015781
0.92162419784953,1.16444774997697
0.856119073490276,0.864541509406617
0.978775692493368,1.05020618130258
0.891284345788334,0.905058842039121
0.842035702718302,0.914624367380773
1.15155942469348,0.946562601691567
0.976865506619806,0.899287446835139
1.15385285770122,1.00227779221196
1.08747149466766,1.1502526609153
0.835782887034282,0.964869072767817
1.06001288015338,1.0281549467727
1.06865025141629,1.03551241531743
1.04837626220246,1.07154762236264
1.01743661483591,0.967178784596438
0.906036243261093,1.11956367397933
1.09078873787101,1.14016166072046
0.909342774533483,1.08361296316438
0.956954906324468,0.928530568398298
1.13030960700856,1.09893859596268
1.11879230257609,0.880921943376515
0.967477849937815,1.00151673020276
0.939339705832245,1.0368959838273
1.03621181021166,1.06793224511718
1.13673174223149,0.96111331033995
1.13636606260029,1.076227812196
1.03053146963581,1.12909489334263
0.94419046911185,0.851949440422941
1.11768787640331,0.879405447522391
0.980799297680388,1.12102165957513
1.13478515940598,0.973915494183145
0.844393135317376,0.970438058179295
1.01080882750004,1.15304711352288
1.07216578216813,1.08341509765768
0.893100614607263,1.1603323714199
0.945510975267021,0.911171935208582
0.895904316191756,0.865408920402764
0.940642394394308,0.961527399739633
0.967952237076736,1.00009085031418
1.01618876661899,1.02341862295747
0.849579530927422,1.15887719891407
1.01757737772631,0.997618393671706
0.924937134945834,0.966960955463998
0.913833913911371,1.1649967539401
0.91438172646885,0.920332669448414
0.884719816390025,1.05510823691339
1.15213878700267,1.15475220538984
1.14522045850553,1.05705034545947
1.10623814573608,0.933058285478138
1.07608728260761,1.01037550893844
0.89193724275851,0.833821058390808
0.953456992347484,1.12792960313409
0.896263324213868,0.968127952435923
0.833732798946681,0.933735195504491
0.938806504577514,1.15019386380282
1.06653899546569,0.986882731068738
1.04175172672635,0.92921583701391
1.01435405844795,0.861542212858794
0.97967906779589,1.0273937783895
0.929142422494181,0.884356232481031
1.00055303558223,0.857698102056497
1.08718206188988,1.02685492561028
1.08746934959624,0.929004917465703
1.02535196716552,0.953973361467055
1.08255427921391,1.07494156460672
1.04851150199377,1.11943722604195
0.874406506108169,0.949305228889019
1.00146595336426,1.15391520177529
0.949087104240545,1.15118968385557
0.864049228268368,0.902012458943453
0.882616489344173,1.08941495302359
0.899389900355467,1.03851062661351
1.05742341248581,1.13964082915077
0.97717039430063,1.03417908706983
1.06480130322818,1.06737940943487
0.918928187756716,1.08122498506803
0.836586216628387,0.961700758928021
1.01076102368696,0.91716792972498
0.926463988417655,0.84558657914195
1.14874338450664,0.990707624749122
1.13548108883667,1.0483574428118
0.964228191991371,0.926323313467349
0.841618411281624,1.00595363662408
1.05714559885749,0.915222212866613
1.11239021179235,0.932502724808182
1.15716654610375,1.05015803108062
0.852310961811749,1.13046443517364
0.983441270911151,1.12036882223646
1.02749010057876,0.903305025587428
1.0622126048321,0.966364637201425
1.07314425086533,1.12929434113481
1.05001358397513,0.91884267063461
1.07563818363755,1.15560053478914
0.957949221946661,1.03971911765978
1.02719402773762,0.888448588843648
0.8720395042598,1.10873300960891
0.852551453738291,1.05189770040287
1.15992174132533,1.01548419468624
0.928274575620206,0.917109761142978
1.0316580996032,0.846718794851748
1.15405367700375,0.911125137524569
0.895259421136193,0.953704312083285
0.897679938659009,1.04448501167079
0.947214701548381,1.16203269874068
1.14429929860603,0.902385548714986
0.963555845539199,1.08569464718526
0.924405569333321,1.12877603654348
0.883982359948948,0.990743286498986
0.965702947581151,0.886304508690908
0.958240822317081,1.1036402618829
0.877038235681002,0.992169250905649
0.978346905965209,0.872095844082061
0.863837722404204,1.12524020426155
1.03820898600432,1.04506212648767
0.836993030763604,0.86576044969721
1.02442012775446,1.13614648541321
1.09657661934192,0.845005340503433
0.911788924383623,0.846583231370933
0.98267323782135,1.16285596374209
1.02311939442831,1.06206053282011
0.853800480763616,0.958896397579344
0.998762961879962,1.00144141759962
1.04743841152843,1.0878318930957
0.907088576709035,0.849624932259837
1.11235214851063,1.07530921886462
1.1570250771475,1.06710935286601
1.11545762923106,0.986296941937501
1.00199981863018,1.02743160298508
0.926291870381744,0.946363267094946
1.0822057406094,0.890208471222192
0.912310128037623,0.966397801300186
1.15244842720637,1.13992573151479
1.04008667869259,0.908681812437751
1.03342071516921,0.953668898717029
0.89086816721589,0.941520670918611
0.863448912714408,0.861194037889331
0.91842073421453,1.00422184453515
1.11952351041974,1.11095494159379
1.1370223511326,1.13487116617905
1.06654458907525,1.07453197075658
1.0750607850078,0.960998608100168
0.909962026285832,0.932672351995455
1.02535115210712,1.06390387857161
1.10354270166931,1.12681897560974
0.967947789461355,1.14151610253984
1.16281308906658,0.860417591790166
0.863332938328963,0.994224338190925
0.940313677549254,0.876088351910259
1.00380297960639,0.917637053080335
0.853535455522747,1.12798717825087
1.07522930784861,0.898758971071137
1.01885191618733,0.873784551578989
1.00978663416042,1.01456499782027
1.10999414401107,0.938206916073807
1.1195863446906,0.960680305022672
1.09634297443798,1.09717975428395
0.939277684575409,1.11305982651342
0.984069151254327,1.06007879530892
1.08407599001665,0.972307335767107
0.869953901916895,1.04762993583536
0.869914122864635,0.904693817180041
0.923294554568134,1.03909026859491
1.00821244846544,1.05839704861524
1.1575503589925,1.03367449486959
1.07013622842606,0.948769834667939
0.937286648382511,0.954800456087184
0.930485709215909,0.890493692277182
1.11678577912487,1.09845385597298
1.13721580800262,0.99755563743337
1.04642538242535,0.951540951516033
0.918456765981481,1.09168706665801
0.862888613344094,0.91226826902148
1.11275186251241,1.11494448300473
1.02823953975444,1.10550899027305
1.14936957846534,1.1154094546878
0.853676309730836,0.95672895028792
1.02821376778504,0.961076510519859
0.928369361886214,1.12044491602003
1.10924405781609,0.987969730960987
0.896995480232466,1.02351607330184
0.980843320734295,1.06510226956726
0.964470502122525,1.1536390910585
1.10885799301426,1.01543765975081
1.05895703114614,1.04552552447724
0.902534344793327,1.02363082974367
0.939368242050088,1.14237071568243
0.877936995118709,1.12125518993918
1.05715429649268,0.889946416955465
0.0236636918208019,-0.107100323610962
-0.110077644657837,-0.0854985441256015
-0.117448074282754,0.0839264516871006
-0.00797342724418123,-0.100288541627659
0.13603413883565,0.160980170501327
0.0173916755719449,0.0698795674930234
-0.155686702416708,-0.108187951493547
-0.148712357854815,0.119432464120108
0.101687742852967,0.13647049434781
-0.0162083817655173,0.153887693397755
-0.0391179234800138,0.0235332346953201
0.0965479012298969,0.0209597434501487
-0.0452377101667354,-0.107779598435266
0.0107833116663035,0.00455968679186684
0.0705522353270888,0.0161573053099353
0.123825505998616,-0.111574185793275
-0.0571034627759237,-0.00203565382251758
0.050039341799259,0.011705755825416
0.158278716000919,-0.100397613389275
-0.141344212901955,0.0410563041113623
0.0290063890275906,-0.157894868781881
-0.0287045007422133,-0.0604030129164359
-0.063621191177911,0.0109998448035166
-0.0787219861577349,-0.0577420875040094
0.0862554216934013,0.03406348020355
0.165071993709917,-0.0460224241812457
-0.10447618528621,-0.121693121138108
0.0937150895115882,0.137937834515785
-0.101400672991089,0.046852945763854
0.164119657726642,0.0529247140986264
0.100753856588096,0.058443443769955
-0.0252577633655646,0.0815192380687196
0.0762879560171246,0.11405919106232
-0.000548805825482779,0.00555238923635789
0.102996755733015,-0.116043766181989
-0.047830355506318,-0.0397785752373464
-0.142252188503398,0.107006467147028
0.0303304850916164,-0.109545206885733
0.13672927690938,-0.0566749061940556
-0.102078021277797,0.155490662303086
-0.0225440694885341,0.102097532171406
0.0830532430226697,-0.0926040233392634
-0.153605171117472,0.166591040898252
0.148774996601828,-0.145420434178549
0.0878911078879204,-0.0248389606378396
0.0196068501698534,-0.0318872826367711
-0.105385685178075,-0.0332357053721316
-0.000683728327017685,-0.129359118698035
0.00594853341135023,-0.0252297422541221
0.164747670214683,0.0378486275553746
0.118283894363558,0.162687095251848
0.154134646570657,-0.0933664070535015
0.0596470029923444,-0.0486396406965658
-0.0321662037318798,-0.0779193736039577
0.144993028726017,-0.0695006553449419
-0.00683848478917282,-0.103870152829724
-0.0894027961122944,-0.159046792124794
-0.0345699171634082,-0.0168652726838388
0.0683591583709296,-0.0854532688684324
0.01951967818685,0.122908848246627
0.0855435669647892,0.00953692248087357
0.165160352851753,0.138045056047305
0.154143801455545,0.157976725686302
0.0116890350853857,0.0284753195541099
0.154623376657238,-0.12700820577544
-0.12812470693958,0.142177529643782
-0.149517235589932,0.031186924160386
-0.0652170181211422,0.127871768308256
0.0267306110475708,-0.0251746896374485
0.0103214841127605,0.0357524619613466
0.133736030884381,-0.143078805840899
0.0135168083900814,0.141590810394399
-0.0226731297144391,0.0473598053805669
0.0142223291454472,-0.131833444034142
0.0708049352631739,0.0667416912298188
-0.161108429019923,-0.0347318903905559
0.100306960685949,-0.138365083074309
-0.119163558358736,-0.0951737108163093
-0.00717517569904561,-0.0837337008205343
-0.0810548819401222,-0.0911156208461973
-0.0436361037250465,0.0676681303393746
0.0539216377884714,0.0847175284059425
-0.110130395515229,0.0157622112878848
-0.0737386598536604,0.0178278066447508
-0.100592735162054,0.043524263901014
-0.10164282223858,0.161818983504916
-0.0577201172166748,0.0447594009942059
0.126779286793067,0.0334852041769402
-0.00963271166141718,0.136395652360025
-0.032010209276353,0.0236122112940771
-0.106922841192184,-0.0548600262509789
0.156308332049097,0.152379719436966
-0.0308480873991266,-0.0200256259066158
0.114829132161149,0.033847531171892
0.0384416990436165,0.0734207871901745
-0.0411296406557543,0.0595927805571544
0.125727249779032,-0.0957469966322656
0.0949508090943412,-0.139458874984778
-0.0116819055618219,-0.0751735307048004
0.104658975606978,0.122506128822155
0.132814712393373,0.0197856891324853
-0.0235871522950576,-0.0117907429908933
-0.0552235267925934,-0.0232330330731988
0.0322157014817488,0.0913286400068046
0.133996936235521,0.0513068070935972
0.0673554831198919,0.0525764238888428
-0.0408482993097117,-0.112993031805087
0.0783186418100048,-0.0225410576854427
0.151367595490405,0.00169536145184061
0.0142710377011837,-0.041555906356681
0.0133686107864553,-0.00654259063804423
-0.0629634534653327,-0.0525261990776306
-0.142921809358472,0.0923821467133578
-0.106006510943659,-0.0386853792033977
-0.135670357709774,0.0705188089970772
-0.0121702507459189,-0.00635553086934963
-0.163555829324077,0.0763934073738572
0.138341970578597,0.145853079654469
0.0475805797110347,0.00575146751697442
-0.166193647265866,0.134356249542223
-0.156538242501694,-0.0939357859563624
-0.0971765922315601,0.124406446724302
-0.0150112849993009,-0.139102356023049
-0.124244655558289,-0.0115321944764356
-0.163784104040637,-0.159356725730674
0.0756932003828424,0.102760183345183
-0.0486278446478045,-0.106930166402923
0.0934819820320082,-0.11153591771535
-0.0211144527882363,-0.106132177612631
-0.0211484058759106,0.0638121877704025
-0.150262273214505,-0.0954121602573481
-0.150122699493537,-0.0672983800755977
-0.136299941528982,0.0894450490199153
0.0313456771480404,0.000383364882006447
-0.0863053149436593,0.13648826883576
0.113789700657381,-0.147382365637354
0.119070921363535,-0.0210826905857016
0.154537400317118,0.0240849151903885
-0.00370007127979869,0.0216890532590595
-0.0932299664771223,0.10793885574212
-0.091263786386238,-0.124633724172473
0.0122626015042753,-0.0666277408220801
0.0873699030703825,-0.165959325055596
-0.0508109498504136,0.150369119296758
-0.0129227468695003,0.0887664544439989
0.0464412540664521,0.0837680540627166
0.139112013622282,-0.120378387619688
-0.112809142036556,-0.0502268191191248
0.0718784680558245,-0.116219813167507
0.0259129587308031,-0.00109310724735856
-0.022233674263627,0.102884084304063
0.128080927543698,0.0442895978137156
-0.0356494148743624,0.0628004992309494
-0.107008282457423,0.0465234059517523
0.0444445267733738,0.0764405754145225
0.0413335181041147,0.11994856936179
-0.0573528010089171,0.0423184598048578
0.100988438652746,-0.106469542363537
0.166492619545297,0.0244355154441928
0.160326053644049,-0.112144614538649
-0.124321019268381,0.13535057852517
-0.0892532846794025,-0.140885738288893
-0.158789177780592,-0.053821783286108
0.0358108701339517,0.0268725157990443
-0.129730226237617,-0.00825494750257438
-0.0308468307072004,0.101773495408511
0.128025602220654,0.0102593803249352
0.0160442591588625,-0.0908965561192375
-0.0436656410961276,0.0698283250654937
-0.0972180057288844,-0.11712248226505
-0.0196855744918922,0.052705393741128
0.152065384058626,0.0446608492966976
-0.125324694450652,-0.0902312495114094
-0.00974558471101439,-0.105923994909099
0.118965442594064,-0.111215830754517
-0.152203176144349,-0.116797636127086
0.0638750484004352,-0.0990842007524675
0.159661822225013,0.151652967271258
-0.0722440338359544,-0.161363887063505
-0.122073166668526,0.152504783390394
0.0617598948042291,-0.158102571543257
0.136484851916465,0.15703688769857
0.0369563274610811,-0.0674681077471756
0.133327598810954,0.00835769307314171
-0.102188749353636,0.120779737159775
0.0848081938294167,0.132134967821637
-0.0512464277784083,-0.10366314819628
-0.0271248618990957,0.0535731858160118
-0.114760056548369,0.147076979291162
0.106333527975614,0.158569041890211
0.0416411759487591,-0.130688248994085
0.0795201405368826,-0.107033590659246
0.101704140235651,0.0821838090440121
-0.144259114145607,-0.150177159156017
0.150263438835189,-0.142905039345489
-0.000807662992613108,-0.00362482680955734
0.085048634900174,0.116631273746546
0.0808016902256473,0.165680481292667
0.110376525236704,-0.165202462472608
-0.1144993844166,0.014202488019693
-0.0142304264828638,0.120449392138855
0.0393668320314603,0.136379674823354
0.144061118349017,0.115116854092537
0.111696078519784,0.126290961546175
0.131807838780783,0.0820607458859147
0.0275061748893434,-0.127503539933698
0.0275822687872638,0.00300741894549809
0.118308646323318,-0.110389412013538
-0.15504476665069,0.110370501065269
0.128473365161601,0.14267028557958
-0.0307563962146727,-0.110171857051993
-0.154539323184056,0.12791244001507
0.0820493142459068,-0.0373790351236284
-0.115057076416298,-0.0391435132581328
-0.118697223775044,-0.0761823586776604
0.035319684441249,0.122627714278385
-0.0818397186495438,0.0805008190702968
-0.0586152649980593,-0.0173757566241179
-0.0327363607176671,0.0698796192769064
-0.031208892866291,0.148110427634006
-0.0379362871463625,-0.108627375509455
0.0366006079459849,-0.0851345720118915
-0.111036425777918,0.046976374798421
-0.103969308934917,0.102870836633015
-0.135123710045945,0.117790335484377
-0.0589379090795785,-0.0339607843597458
0.0898656430907783,-0.12816873041743
-0.0886273325136672,-0.139906349409002
0.0801218232080874,-0.0465107933068143
0.0642728046105764,0.1096351832134
0.108026071122127,-0.0951300979077862
0.109325849713162,0.0970134413022248
-0.068877355330536,0.0515627713921258
-0.0635435858590837,-0.1579511839794
0.00767659948066435,0.0952587619659251
-0.0582336691685246,0.14085434842433
0.110614170162023,-0.00256228967476446
0.103431596914614,0.111337218372964
0.018999420426203,-0.12288210488555
-0.0790119887566143,0.0865944903941732
0.0601887341014834,0.14191206022425
-0.0887822848525384,0.110902524800742
-0.014524878462296,-0.0801996130491548
-0.038477701829492,-0.0956594108793034
0.0128671462326739,0.0074382605612755
0.163901240320652,-0.0342142997249858
0.0850734672259434,-0.00696340581546987
0.160151616476791,0.164634546526182
-0.0884057864457174,0.0348261525931375
0.0095196961842217,0.148302882109092
-0.149521315477697,-0.0031859282871699
0.0856251569948741,-0.0206844800759104
0.0339932554251701,0.0908851907962863
0.11905623637407,0.0813555224327788
0.162759046419371,-0.0190319774963336
0.143161490808539,-0.148999982496652
-0.0301616888537282,-0.137392718614195
-0.166552845927287,0.0993286525592061
0.0136261075876811,0.0518607909870647
-0.0974231260013135,-0.155888148851194
-0.0935721372725232,0.0190222765603972
-0.0580645790885927,0.0732671849640635
-0.134683527797472,-0.129863983681014
0.0825112205794343,-0.0944508745732405
0.0828363191310973,0.103673405205486
0.014433144361703,-0.120446039043578
-0.0539558944919823,0.127299733577697
0.110777887206843,0.141185353896769
0.0175240593419858,-0.162414812387953
0.152514372320674,-0.0409469156523351
0.130944439772667,-0.110729437007467
-0.0478321276243319,0.0134075985816199
0.0154672976639624,-0.13277918835739
-0.051106082915017,-0.153577418036752
0.0409342635530434,0.144409703924515
0.0988748951027987,0.157197294288072
0.08195830051355,-0.0463573266508037
-0.12482125621506,0.0480684679222488
0.107464668919673,-0.144017565968773
-0.158283166190499,-0.0973626678614559
-0.0285237063586561,-0.153465384408088
0.0771358226576457,-0.0102135622587157
0.0937913334253209,-0.116634425779122
-0.0442380282895437,0.163768973728063
0.0816226187472242,-0.0243125507467683
0.130755729410369,0.15179070099034
-0.0857988712401101,0.0747490111733613
-0.12346767472082,0.0269639041212579
-0.0916440392906956,0.0134193024735935
-0.0499953603330779,0.068480397188027
-0.0709717956179413,-0.16499037223296
0.142496002393143,0.0941719262787472
-0.149562081061068,0.142286524461836
0.0308889184021289,-0.163901447535787
-0.112367033260756,0.108209447555465
0.112801923224343,0.0891119560092933
-0.11081302326291,0.165712298449562
0.000733538469824232,-0.090782309313927
0.16644315967524,0.139847402064822
-0.0481976162440396,0.0473331018405934
-0.150974096817055,-0.131559939008028
-0.0954464716264003,-0.077279695429439
-0.0340536252990982,0.0879479215131947
-0.0554439398732351,0.10183671852518
-0.0901324893439341,-0.131915667466028
0.145373392500689,-0.0100804079023855
0.0610629282333276,-0.0936460363696088
0.154037931907621,0.140902635514241
-0.020675607455734,-0.0598924559946172
0.146778884806969,0.119181269593594
-0.16472189180921,-0.080051110781626
0.0367690100232918,0.126020980902206
0.100358585655373,-0.103910794390256
-0.089006155528784,0.0863979457832728
0.144156225306993,-0.156103566629264
0.0877542584445806,0.0474463856943215
0.108816513234227,0.0222903042535485
0.0244878628682887,-0.0411968181833111
0.0975272213734086,-0.0958172068533773
-0.0569862680535842,0.0973856131775297
-0.0921793412913825,-0.11818550662513
-0.0625378859935822,-0.00361918320311472
0.0281744928428519,-0.162384751042079
0.109971380340508,-0.104462658395935
-0.0698458361509106,-0.00492318101674331
-0.0324818693122925,0.112742025566765
0.120685766144382,-0.119647677133513
0.0382465167387999,0.0774056624705833
0.163729262776598,0.0636889719944756
-0.0987670416047926,-0.155169126738456
0.109069694982218,-0.00371424546384669
0.0586205396509248,0.157130136718836
-0.0836835099867306,-0.129182873549767
-0.0080714578101558,0.0810712580669391
-0.0336415910910694,0.0461804571131403
0.0331460830304707,0.0313943043233144
0.10017425526795,-0.000459162421249992
-0.131643742902943,0.0226175530959294
0.107147398042131,-0.0244985828878818
0.113695443348474,-0.14125351921539
-0.048497918533187,-0.0698044488473571
-0.0233101791280555,0.0204450157742648
0.0240797394708949,0.0444444894405734
0.0669415769237456,0.143591953016041
0.0808232523290934,0.159256385900745
0.0859613835402618,-0.135467817998015
-0.0369570788102577,0.0539116481393144
-0.0235658383333875,0.0342576331618129
0.152114885833553,-0.00872737892635778
0.0243237890901614,-0.0479145525012411
0.116574018072891,-0.00814051945559317
-0.0745515612339255,0.0570073394277827
0.0407745383841501,0.153215065664598
0.0294538948711796,-0.136971911497863
0.15448948860233,0.0992474866156838
-0.138032435010916,0.0302585820469622
0.000166297201316853,0.137398918084025
0.00719655883268496,-0.132956893704127
-0.136611332610345,-0.0689017856776229
0.134888826563375,-0.149470598205355
0.128129646169953,0.0013760601992789
-0.0203367777314699,0.0894585839662258
0.0939075376390554,-0.0723382079286304
-0.117178325685531,-0.0915465847352143
0.0399386424202903,-0.0562367857914703
-0.0797921068685264,-0.0155828828639191
-0.0181145961868083,0.0791282127271001
0.114666503824979,0.00329521823438243
-0.101265027089583,-0.0391619360488676
-0.0653827924074492,0.135161072282409
-0.0055684774219048,0.155085916323242
-0.0540626520429921,0.0427557841841517
0.099495276507183,-0.122656276648364
0.162495858396451,0.0394339261095512
-0.113650815092535,-0.038993298645099
-0.0877067389246484,0.1637312491896
0.0674122108892968,-0.0710575717469292
-0.0415094457674842,0.068730476529788
0.157901634224995,0.0117352991684817
0.157435185229486,-0.102262987135966
0.0478993498071349,0.0631450336413902
0.120032958951387,-0.149848332277109
-0.0327055339973048,-0.105188628100215
0.0439769326591524,-0.151447225507539
0.16174554647161,0.128347167347084
0.0198258019957585,0.113264795266038
0.14453063861407,-0.127281584948773
0.0734477353335827,-0.0298617154340544
-0.00532049439588607,-0.126590470003117
0.0463436975604101,0.0240308407535744
0.129212288629868,0.149796711543051
-0.10042108330036,-0.0812049467343734
-0.0348779086815966,0.163288478383772
0.164058434165102,-0.0500639863185429
-0.0325494610213506,-0.09715920870219
0.0529521603576437,0.0552757200149343
0.133782707678171,0.157781568906957
0.165127258839295,0.0408999405128393
0.0510544270315635,-0.145487369147544
-0.130521190714828,-0.0421634889195649
-0.154628656401548,-0.111249488187817
0.0393637463489912,-0.0895739739647405
0.0223814539659985,-0.149263788902049
0.153988219268442,0.133918772237838
0.0820351564729626,0.0977638999671085
0.0541720328116939,-0.0423285583851182
0.00777110613733652,0.110684901792181
-0.0800352395052009,0.0846115188632578
0.153997922305391,0.0406210324205954
0.01340134583784,-0.0353022730502831
-0.15657661219341,-0.0469073461832627
0.0654381544703758,-0.137049179702572
0.0065720526402927,-0.0527743321201176
-0.146989814778505,0.0162235313557888
0.130012077742738,-0.013150846303738
-0.0565992524953265,0.04848412447853
-0.0900996007096268,0.00450694708917147
-0.128683786001604,0.104808822854426
-0.0630257621821314,-0.134272264671001
-0.0905225592880875,-0.0120954797848296
0.0506657224056677,0.029939163201581
-0.144613291800558,-0.10427597648672
-0.0748562067130277,0.0371100488793172
-0.0727265874797111,-0.149352672877218
0.126688753242019,0.0252423161512404
-0.0185565471002551,0.114114900609591
0.0853047069693204,-9.13421262184929e-05
0.0344321252717828,-0.0203250374469287
0.0944219791346788,-0.116980972251437
-0.128689787107191,-0.157240183034736
0.159521295053326,0.0855565959947826
0.116198891826516,0.0987020786476134
-0.149784500776486,-0.0688148018608532
-0.0112660554031213,-0.12826441799399
-0.0581155750173222,-0.0416361230040046
0.0434017083332499,0.109631248352257
-0.0899002787407754,0.113925527318254
0.0266283244270963,0.0550794838525996
0.0343854401466322,0.153379991962085
0.0332930319442857,0.147705964070234
-0.0171907065386949,-0.129100169206424
-0.154858846439071,0.0494291497418619
0.00460494501275884,-0.00639864944018683
-0.0307566127424543,-0.144493102683626
-0.130651321128147,0.132590408510667
-0.013374790352562,-0.000923290354336248
-0.0163724154413899,0.0904344762862102
0.0170467786014729,-0.146545923525344
0.101801439002666,-0.0791808450319904
0.0669500242620202,0.0503564562341596
0.124078501307199,-0.122132029850075
-0.1492692825237,0.0461819122749287
-0.0934395628648846,-0.0383523016773754
-0.0134526632962112,0.0885660418915668
0.152844532043003,0.0509718940520452
0.0966817856598127,-0.0395036449058278
-0.016041796985833,-0.0666604724198541
-0.0555239378463778,-0.0532868148310778
-0.14696822910664,0.139642178904139
0.0803017676311959,-0.0145777288989203
0.00226484135183417,-0.0191676824672923
-0.100024862286882,-0.0152713934614926
-0.0242688162995706,0.148427336395547
-0.110436573762576,-0.0936270158166084
0.0838981969515624,0.127467598643911
-0.0438830527903998,-0.160041525725097
0.147272598413295,-0.0527450389208966
-0.160942486363094,0.0886758152314717
0.109685302926267,-0.0523987661602024
0.0421969916517586,0.0396021347181349
0.0129155050524064,-0.0156596126360348
0.0501692117933535,-0.163279132457362
0.0755431774355047,0.0330270558234957
-0.135170478693141,0.0338561161194907
0.125857978102553,0.0498058169871221
-0.161879285351338,-0.0524264558059264
-0.0685657910512543,-0.00223358147503842
-0.106695040498587,0.0672579817511768
0.142098089399317,0.12926753380983
-0.143939854390988,-0.148314051281272
0.0270310758594972,-0.13387934981809
0.0457170741750749,0.0499275951575873
0.0504230882549808,0.0880236304121091
0.121540670844518,0.162652980532613
-0.148015823530993,-0.124891736194802
0.10561839125795,-0.0451742749324666
0.00964082210947618,0.0587433634274176
0.0647835202074805,-0.0414139429275028
-0.095865034572722,0.121152830489036
0.0144266487499504,-0.0693410830046568
0.0675067573844879,-0.122175003138568
0.152144852420156,0.0575501714758098
-0.0184859457088429,-0.0991383397093578
-0.138200723062452,0.122838399400364
-0.147553284152914,0.0837191072998698
0.0431501620331598,-0.0268734500023436
0.0987263554994861,-0.166589644933528
0.0637304442860478,-0.116845422544099
-0.0515640459282782,-0.0753885661519105
0.148938889053865,0.124141672987627
